Psycopg2:
[6.579390048980713, 0.8900082111358643, 0.6994340419769287, 0.7001991271972656, 0.702570915222168, 0.6953978538513184, 0.7071807384490967, 0.701448917388916, 0.7181329727172852, 0.6974787712097168, 0.702211856842041, 0.7096560001373291, 0.7109088897705078, 0.6977560520172119, 0.697627067565918, 0.7204759120941162, 0.6984672546386719, 0.6917130947113037, 0.6889688968658447, 0.6709251403808594, 1.1722440719604492, 1.0704841613769531, 0.9233908653259277, 0.847172737121582, 0.9694972038269043]
[1.0314297676086426, 1.022430181503296, 1.0306189060211182, 1.0111379623413086, 1.0128800868988037, 1.0191729068756104, 1.0048949718475342, 1.0047869682312012, 1.0006790161132812, 1.0157649517059326, 1.0097429752349854, 1.0104351043701172, 1.0304820537567139, 0.9994571208953857, 1.0016567707061768, 0.9942317008972168, 1.0180301666259766, 1.0464940071105957, 1.1138250827789307, 0.9607558250427246, 0.9627480506896973, 0.9603972434997559, 1.0038700103759766, 0.9744961261749268, 0.9828379154205322]
[1.4302778244018555, 1.3201110363006592, 1.3280670642852783, 1.5956621170043945, 1.326267957687378, 1.3182179927825928, 1.3156309127807617, 1.3170320987701416, 1.3091990947723389, 1.320173740386963, 1.328078031539917, 1.3198142051696777, 1.311108112335205, 1.323678970336914, 1.3276691436767578, 1.308830976486206, 1.3044679164886475, 1.31687593460083, 1.3143842220306396, 3.8626770973205566, 3.847226142883301, 3.754939079284668, 3.765887975692749, 3.857430934906006, 3.706697940826416]
[1.6433579921722412, 1.4463298320770264, 1.4463438987731934, 1.4679107666015625, 1.4400639533996582, 1.4567289352416992, 1.4985630512237549, 1.4338197708129883, 1.4334800243377686, 1.4343559741973877, 1.4305291175842285, 1.434668779373169, 1.4383039474487305, 1.4450139999389648, 1.4801490306854248, 1.4369430541992188, 1.4328839778900146, 1.4488797187805176, 1.4231951236724854, 6.417738914489746, 6.126618146896362, 6.184748888015747, 6.054990768432617, 6.04964017868042, 6.220874071121216]

SQLite:
[4.167082071304321, 3.433807134628296, 3.4115569591522217, 3.3871521949768066, 3.3987228870391846, 3.375568151473999, 3.4469830989837646, 3.441857099533081, 3.4947118759155273, 3.477829933166504, 3.4577767848968506, 3.4377920627593994, 3.6085939407348633, 3.5066633224487305, 3.4745748043060303, 3.561255931854248, 3.447969913482666, 3.5247280597686768, 3.5221691131591797, 3.48089599609375, 3.413508892059326, 3.556303024291992, 3.406521797180176, 3.505131959915161, 3.4481148719787598]
[8.979677200317383, 8.881761074066162, 8.839741945266724, 8.867107152938843, 8.805267095565796, 8.79424500465393, 8.762840032577515, 8.78642201423645, 8.815130710601807, 8.769890069961548, 8.8003830909729, 8.821294069290161, 8.823861122131348, 8.864463806152344, 8.89144492149353, 9.173863172531128, 8.97940468788147, 9.029433965682983, 8.858549118041992, 8.835567235946655, 8.853286266326904, 9.045238018035889, 8.873753070831299, 9.37392282485962, 8.847823858261108]
[15.036611795425415, 14.483185052871704, 14.915021657943726, 14.350247859954834, 14.426771879196167, 14.653852939605713, 14.383286952972412, 14.381367206573486, 14.805946111679077, 14.920928001403809, 14.819926977157593, 14.438217878341675, 15.493529081344604, 14.82862114906311, 15.087210893630981, 15.174681901931763, 15.444069147109985, 15.17343282699585, 14.93996286392212, 14.513906002044678, 14.353465795516968, 14.96848177909851, 14.719259977340698, 14.92766809463501, 14.623595952987671]
[22.763185739517212, 22.337936878204346, 22.00874900817871, 21.176964044570923, 22.098729133605957, 22.4722421169281, 22.441105127334595, 22.084834814071655, 22.604430675506592, 22.85975408554077, 23.161174058914185, 22.762815952301025, 22.936645030975342, 22.84028172492981, 22.782461166381836, 22.623157024383545, 23.3490629196167, 22.95565700531006, 22.64592409133911, 22.400378942489624, 23.415549755096436, 22.59023904800415, 22.56764817237854, 22.388680934906006, 22.918029069900513]

DuckDB:
[0.014352798461914062, 0.008840799331665039, 0.008856058120727539, 0.008804798126220703, 0.008391141891479492, 0.010890007019042969, 0.012174129486083984, 0.014365196228027344, 0.00981903076171875, 0.011792898178100586, 0.00959920883178711, 0.01331186294555664, 0.010433673858642578, 0.012432098388671875, 0.014902830123901367, 0.013495206832885742, 0.013098001480102539, 0.012827873229980469, 0.010102033615112305, 0.014195919036865234, 0.013824701309204102, 0.010469913482666016, 0.01424098014831543, 0.013921022415161133, 0.012555837631225586]
[0.01392507553100586, 0.011266946792602539, 0.008597850799560547, 0.008898019790649414, 0.011864662170410156, 0.009238958358764648, 0.0117340087890625, 0.008823156356811523, 0.013161897659301758, 0.009183883666992188, 0.01455998420715332, 0.010247945785522461, 0.013292074203491211, 0.012525081634521484, 0.017634153366088867, 0.010353803634643555, 0.011549949645996094, 0.010018110275268555, 0.014229059219360352, 0.012652158737182617, 0.013129234313964844, 0.013560056686401367, 0.012924909591674805, 0.012389183044433594, 0.010441780090332031]
[0.01311182975769043, 0.008607149124145508, 0.008743047714233398, 0.007976770401000977, 0.009466171264648438, 0.01306295394897461, 0.00945591926574707, 0.01325082778930664, 0.012192010879516602, 0.013509273529052734, 0.011900901794433594, 0.014193296432495117, 0.010330915451049805, 0.01020193099975586, 0.011393070220947266, 0.015913963317871094, 0.014130353927612305, 0.013149738311767578, 0.014000177383422852, 0.013837099075317383, 0.010365962982177734, 0.012790918350219727, 0.013534069061279297, 0.01238107681274414, 0.013493061065673828]
[0.011822223663330078, 0.011558055877685547, 0.012705087661743164, 0.012124300003051758, 0.011120796203613281, 0.010391950607299805, 0.008997201919555664, 0.011474132537841797, 0.009835004806518555, 0.012212991714477539, 0.009348869323730469, 0.012885093688964844, 0.013709783554077148, 0.013401031494140625, 0.014719009399414062, 0.012478828430175781, 0.012563943862915039, 0.012463808059692383, 0.010519981384277344, 0.01133108139038086, 0.014802932739257812, 0.010236024856567383, 0.011167049407958984, 0.014887809753417969, 0.011309146881103516]

Pandas:
[0.23704767227172852, 0.20337796211242676, 0.19915008544921875, 0.19776391983032227, 0.19842791557312012, 0.20250201225280762, 0.19801592826843262, 0.20234179496765137, 0.19937801361083984, 0.19519495964050293, 0.19976234436035156, 0.1966090202331543, 0.19981789588928223, 0.19962310791015625, 0.1940617561340332, 0.20104718208312988, 0.20706510543823242, 0.19439911842346191, 0.19623708724975586, 0.19826006889343262, 0.19876503944396973, 0.19469833374023438, 0.19999003410339355, 0.19968271255493164, 0.19752097129821777]
[0.3783750534057617, 0.31995201110839844, 0.3255589008331299, 0.3142080307006836, 0.32428431510925293, 0.3362851142883301, 0.3223841190338135, 0.32378101348876953, 0.32326292991638184, 0.32442808151245117, 0.317965030670166, 0.3176450729370117, 0.31291985511779785, 0.316882848739624, 0.320540189743042, 0.3160569667816162, 0.31424403190612793, 0.3136780261993408, 0.31404972076416016, 0.3179130554199219, 0.316256046295166, 0.3181138038635254, 0.3171830177307129, 0.3165261745452881, 0.31353116035461426]
[0.8189787864685059, 0.7630593776702881, 0.7722182273864746, 0.7689790725708008, 0.7634198665618896, 0.7747359275817871, 0.7710058689117432, 0.7694499492645264, 0.7606580257415771, 0.7793221473693848, 0.7496681213378906, 0.7541389465332031, 0.7535080909729004, 0.7602710723876953, 0.7524909973144531, 0.7829477787017822, 0.7506110668182373, 0.7523391246795654, 0.7533841133117676, 0.7599899768829346, 0.7513637542724609, 0.7500720024108887, 0.7608261108398438, 0.7625479698181152, 0.7798018455505371]
[1.0077292919158936, 0.9617197513580322, 0.9607539176940918, 0.9781908988952637, 0.9655559062957764, 0.9654450416564941, 0.9727370738983154, 0.978668212890625, 0.967055082321167, 0.9662127494812012, 0.9563188552856445, 0.9456150531768799, 0.9493160247802734, 0.9509036540985107, 0.9504799842834473, 0.9490382671356201, 0.9438378810882568, 0.948577880859375, 0.9532008171081543, 0.9563050270080566, 0.952904224395752, 0.958139181137085, 0.9812731742858887, 0.9570679664611816, 0.957442045211792]

SQLAlchemy:
[8.350252866744995, 0.6802849769592285, 0.886350154876709, 0.7182300090789795, 0.7429218292236328, 0.7409541606903076, 0.7363560199737549, 0.6637520790100098, 0.6811058521270752, 0.66473388671875, 0.683239221572876, 0.6727619171142578, 0.6686091423034668, 0.6748349666595459, 0.6693487167358398, 0.6754677295684814, 0.6880481243133545, 0.671314001083374, 0.6641910076141357, 0.6720190048217773, 0.6778340339660645, 0.6652038097381592, 0.686377763748169, 0.6663970947265625, 0.6894121170043945]
[1.0101439952850342, 1.002084732055664, 0.9953000545501709, 0.9847500324249268, 1.020752191543579, 1.0008041858673096, 1.0096659660339355, 0.9748251438140869, 0.9713759422302246, 0.9698889255523682, 0.9738643169403076, 0.9811158180236816, 0.9724328517913818, 0.9784648418426514, 0.9809820652008057, 0.9686970710754395, 0.9810187816619873, 0.9837093353271484, 0.9737460613250732, 0.9681222438812256, 0.9690172672271729, 0.9660930633544922, 1.169835090637207, 0.975374698638916, 1.025352954864502]
[3.7915239334106445, 3.769901990890503, 3.8363749980926514, 3.7827820777893066, 3.825627088546753, 3.734527111053467, 3.8945658206939697, 3.7125179767608643, 3.694916248321533, 3.785587787628174, 3.687926769256592, 3.8641819953918457, 3.6801140308380127, 3.7605690956115723, 3.6847031116485596, 3.704413890838623, 3.7024600505828857, 3.7196271419525146, 3.76655912399292, 3.7952048778533936, 3.687937021255493, 3.744884967803955, 3.7836530208587646, 3.779510021209717, 3.704094886779785]
[5.864293813705444, 5.815145969390869, 5.770610094070435, 5.850978851318359, 5.746713876724243, 5.762852907180786, 5.817953824996948, 5.751310110092163, 5.73558235168457, 5.741819143295288, 5.705528020858765, 5.8045408725738525, 5.770068883895874, 5.729903221130371, 5.750878095626831, 5.857611894607544, 5.802043199539185, 5.747361898422241, 5.725560903549194, 6.004964113235474, 5.960555076599121, 5.8022332191467285, 5.890980243682861, 5.787373065948486, 5.992488861083984]
