Psycopg2:
[0.20979785919189453, 0.07508087158203125, 0.07056283950805664, 0.07061004638671875, 0.06950235366821289, 0.0708460807800293, 0.07433605194091797, 0.07042789459228516, 0.07165122032165527, 0.07978606224060059, 0.07086586952209473, 0.06986403465270996, 0.06886696815490723, 0.06971502304077148, 0.06976795196533203, 0.06920909881591797, 0.07283592224121094, 0.07085609436035156, 0.07169198989868164, 0.07055807113647461, 0.07375502586364746, 0.07029604911804199, 0.07027578353881836, 0.07198381423950195, 0.06927371025085449]
[0.10178303718566895, 0.10279083251953125, 0.10394001007080078, 0.0993661880493164, 0.09960818290710449, 0.10138607025146484, 0.09972500801086426, 0.09933018684387207, 0.10004472732543945, 0.1020500659942627, 0.09982705116271973, 0.09872007369995117, 0.10128498077392578, 0.09909987449645996, 0.10060906410217285, 0.09827780723571777, 0.10149502754211426, 0.10098695755004883, 0.10246682167053223, 0.10063624382019043, 0.1010589599609375, 0.10132312774658203, 0.09954977035522461, 0.0997018814086914, 0.10367584228515625]
[0.1320340633392334, 0.1312417984008789, 0.13906288146972656, 0.13133811950683594, 0.13045096397399902, 0.13584470748901367, 0.13013195991516113, 0.13170623779296875, 0.13019013404846191, 0.13158106803894043, 0.12934517860412598, 0.12918901443481445, 0.13001608848571777, 0.1347053050994873, 0.13060212135314941, 0.12903881072998047, 0.13282299041748047, 0.13451385498046875, 0.13222408294677734, 0.1329479217529297, 0.1328599452972412, 0.13074612617492676, 0.13168787956237793, 0.13051605224609375, 0.12981081008911133]
[0.4415102005004883, 0.42962098121643066, 0.43129491806030273, 0.42964816093444824, 0.43953609466552734, 0.4299581050872803, 0.4313650131225586, 0.42731785774230957, 0.4286966323852539, 0.4278421401977539, 0.428987979888916, 0.429668664932251, 0.42969584465026855, 0.42549896240234375, 0.4297032356262207, 0.43380188941955566, 0.4308490753173828, 0.4317197799682617, 0.4473609924316406, 0.43253374099731445, 0.43727898597717285, 0.4362199306488037, 0.4315907955169678, 0.4322516918182373, 0.4330120086669922]

SQLite:
[0.3549160957336426, 0.34029388427734375, 0.33898019790649414, 0.33907604217529297, 0.34008121490478516, 0.33867907524108887, 0.3395719528198242, 0.3392629623413086, 0.33965492248535156, 0.33893918991088867, 0.33690905570983887, 0.3394482135772705, 0.33970212936401367, 0.3373699188232422, 0.33818912506103516, 0.3378608226776123, 0.3387911319732666, 0.3389577865600586, 0.34192919731140137, 0.33797287940979004, 0.33803415298461914, 0.33785200119018555, 0.3486809730529785, 0.3441798686981201, 0.33747076988220215]
[0.8024671077728271, 0.7833819389343262, 0.7873289585113525, 0.7844090461730957, 0.7876191139221191, 0.7822442054748535, 0.7851252555847168, 0.7871842384338379, 0.7819929122924805, 0.7870998382568359, 0.7835788726806641, 0.7814981937408447, 0.7843070030212402, 0.7837460041046143, 0.7823169231414795, 0.7832891941070557, 0.7858438491821289, 0.7810878753662109, 0.8059999942779541, 0.7807281017303467, 0.7852299213409424, 0.7830870151519775, 0.7813990116119385, 0.7863729000091553, 0.7824950218200684]
[1.2673559188842773, 1.2668569087982178, 1.264219045639038, 1.2621331214904785, 1.2676329612731934, 1.2693078517913818, 1.2645587921142578, 1.2745511531829834, 1.2666661739349365, 1.268744945526123, 1.2644500732421875, 1.2698838710784912, 1.2664649486541748, 1.270366907119751, 1.2737767696380615, 1.2669661045074463, 1.2642769813537598, 1.2681269645690918, 1.3270199298858643, 1.264967918395996, 1.2616989612579346, 1.2647838592529297, 1.2667348384857178, 1.2654359340667725, 1.2622849941253662]
[1.8015239238739014, 1.7905380725860596, 1.787522792816162, 1.7869257926940918, 1.7890560626983643, 1.789106845855713, 1.7889783382415771, 1.7960166931152344, 1.788360834121704, 1.8029098510742188, 1.7884800434112549, 1.79433012008667, 1.7896077632904053, 1.7843921184539795, 1.784142255783081, 1.7916018962860107, 1.7868921756744385, 1.7882411479949951, 1.8147797584533691, 1.788398027420044, 1.7852282524108887, 1.8052899837493896, 1.7847931385040283, 1.7944841384887695, 1.7900621891021729]

DuckDB:
[0.1692960262298584, 0.1217811107635498, 0.11457204818725586, 0.1210627555847168, 0.12481093406677246, 0.1184091567993164, 0.1345539093017578, 0.11670804023742676, 0.13006997108459473, 0.1326580047607422, 0.12168598175048828, 0.12465620040893555, 0.12203717231750488, 0.11992669105529785, 0.11746478080749512, 0.1181647777557373, 0.14205074310302734, 0.11664295196533203, 0.12306785583496094, 0.12692499160766602, 0.11786198616027832, 0.1444411277770996, 0.11553215980529785, 0.12226414680480957, 0.12150311470031738]
[0.15646815299987793, 0.157027006149292, 0.2066500186920166, 0.1620018482208252, 0.1591808795928955, 0.16549897193908691, 0.180922269821167, 0.1599900722503662, 0.16208600997924805, 0.17415404319763184, 0.16303014755249023, 0.16196990013122559, 0.1546480655670166, 0.16619491577148438, 0.15647530555725098, 0.16090798377990723, 0.16118216514587402, 0.15778422355651855, 0.16191983222961426, 0.1798231601715088, 0.15539002418518066, 0.16362810134887695, 0.16057491302490234, 0.16011500358581543, 0.1713557243347168]
[0.15221691131591797, 0.1654808521270752, 0.1548938751220703, 0.1484391689300537, 0.15044283866882324, 0.16202688217163086, 0.14886975288391113, 0.14687108993530273, 0.1766986846923828, 0.16074395179748535, 0.15381097793579102, 0.15630888938903809, 0.14963722229003906, 0.15401005744934082, 0.1479959487915039, 0.16117620468139648, 0.15793395042419434, 0.15165972709655762, 0.1582808494567871, 0.14916563034057617, 0.160996675491333, 0.15143775939941406, 0.1533656120300293, 0.15377378463745117, 0.16705679893493652]
[0.17955899238586426, 0.18741774559020996, 0.18614697456359863, 0.20276403427124023, 0.17826628684997559, 0.18303680419921875, 0.1767129898071289, 0.17862820625305176, 0.2052168846130371, 0.18259596824645996, 0.1761341094970703, 0.18417811393737793, 0.18808603286743164, 0.17577600479125977, 0.19478988647460938, 0.18753886222839355, 0.17655706405639648, 0.17626094818115234, 0.17632412910461426, 0.18781685829162598, 0.17859506607055664, 0.18079185485839844, 0.1908280849456787, 0.18294000625610352, 0.178239107131958]

Pandas:
[0.020342111587524414, 0.018893957138061523, 0.018026113510131836, 0.017943859100341797, 0.017991065979003906, 0.017906904220581055, 0.018172025680541992, 0.01826786994934082, 0.018414974212646484, 0.018110275268554688, 0.018107891082763672, 0.018017053604125977, 0.018435001373291016, 0.01812291145324707, 0.01814413070678711, 0.018114805221557617, 0.018253087997436523, 0.018355369567871094, 0.0180971622467041, 0.018107891082763672, 0.018312931060791016, 0.018088817596435547, 0.018213272094726562, 0.018723726272583008, 0.01800084114074707]
[0.03265380859375, 0.0293428897857666, 0.029520750045776367, 0.0294339656829834, 0.029546022415161133, 0.03224802017211914, 0.029844045639038086, 0.029540300369262695, 0.029343128204345703, 0.02971172332763672, 0.029446840286254883, 0.02966022491455078, 0.02944803237915039, 0.029517173767089844, 0.029550790786743164, 0.02948284149169922, 0.029762744903564453, 0.029573917388916016, 0.029965877532958984, 0.02963399887084961, 0.029541015625, 0.0299069881439209, 0.029507875442504883, 0.029901981353759766, 0.02963709831237793]
[0.07058191299438477, 0.07027602195739746, 0.0683903694152832, 0.07081913948059082, 0.06918883323669434, 0.07066607475280762, 0.0729069709777832, 0.0686488151550293, 0.06753087043762207, 0.06924891471862793, 0.06914901733398438, 0.06847691535949707, 0.06865406036376953, 0.07128691673278809, 0.06986117362976074, 0.0737001895904541, 0.07002496719360352, 0.06853914260864258, 0.0701141357421875, 0.06922292709350586, 0.06839609146118164, 0.06915712356567383, 0.06924891471862793, 0.06799697875976562, 0.06910300254821777]
[0.08713126182556152, 0.08483386039733887, 0.08351469039916992, 0.08376193046569824, 0.08589410781860352, 0.08519887924194336, 0.08573698997497559, 0.08798599243164062, 0.08452796936035156, 0.0830850601196289, 0.08304095268249512, 0.08751487731933594, 0.0846400260925293, 0.08618307113647461, 0.08556795120239258, 0.08558893203735352, 0.08550286293029785, 0.08308267593383789, 0.08367419242858887, 0.08545994758605957, 0.08531904220581055, 0.0862569808959961, 0.08908414840698242, 0.08455920219421387, 0.08524489402770996]

SQLAlchemy:
[0.10965108871459961, 0.07183694839477539, 0.06994295120239258, 0.06884503364562988, 0.06929516792297363, 0.07009100914001465, 0.06919384002685547, 0.06798195838928223, 0.06816983222961426, 0.06769895553588867, 0.06723499298095703, 0.0676259994506836, 0.06757807731628418, 0.06767916679382324, 0.06743717193603516, 0.06670069694519043, 0.06742596626281738, 0.06985592842102051, 0.06731986999511719, 0.07461094856262207, 0.06744813919067383, 0.06942892074584961, 0.06709980964660645, 0.06834816932678223, 0.06736993789672852]
[0.10405182838439941, 0.09841275215148926, 0.09774899482727051, 0.0975351333618164, 0.0977773666381836, 0.09776997566223145, 0.0978689193725586, 0.0973958969116211, 0.0968010425567627, 0.10021710395812988, 0.1002798080444336, 0.09708905220031738, 0.09967494010925293, 0.0972738265991211, 0.09835028648376465, 0.09642696380615234, 0.09696507453918457, 0.09874296188354492, 0.09735798835754395, 0.10386991500854492, 0.09886002540588379, 0.09757637977600098, 0.09671616554260254, 0.09732604026794434, 0.09621310234069824]
[0.3408932685852051, 0.3353400230407715, 0.3345048427581787, 0.3355379104614258, 0.33534693717956543, 0.33377623558044434, 0.3361818790435791, 0.33418703079223633, 0.33492302894592285, 0.33553576469421387, 0.3339071273803711, 0.3329298496246338, 0.3358168601989746, 0.3389601707458496, 0.3389251232147217, 0.33488011360168457, 0.33507609367370605, 0.33956384658813477, 0.33656883239746094, 0.33702611923217773, 0.3360419273376465, 0.334622859954834, 0.33837175369262695, 0.334805965423584, 0.33507680892944336]
[0.3710150718688965, 0.3720700740814209, 0.3682420253753662, 0.3661797046661377, 0.3681447505950928, 0.3682708740234375, 0.3668479919433594, 0.3682210445404053, 0.3690147399902344, 0.36868786811828613, 0.36698317527770996, 0.36441707611083984, 0.3657798767089844, 0.3658561706542969, 0.3676590919494629, 0.36803388595581055, 0.3694610595703125, 0.37224507331848145, 0.3792099952697754, 0.36558103561401367, 0.3660011291503906, 0.36570215225219727, 0.3703610897064209, 0.36998891830444336, 0.3702819347381592]
